original batch:('circ_01_freq_reflect_v2_b7b62876-c2db-11ef-8e54-047c16a08772_0-598_75-78.png',)
image_size:512
condition_len:14
latent:400
spectra_length:100
gen_model:models/modelnetG277_3Mar_fullset.pt
one_hot_encoding:0
cell size:4.89275 ValidationWidth:4.895 cell size tesing:4.9139556884765625
