original batch:('ring_01_freq_reflect_v2_7c173d1b-e099-11ef-b29c-047c16a08772_0-206_75-78.png',)
image_size:512
condition_len:14
latent:400
spectra_length:100
gen_model:models/modelnetG277_3Mar_fullset.pt
one_hot_encoding:0
cell size:4.92425 ValidationWidth:5.0 cell size tesing:4.932018280029297
