original batch:('cross_01_freq_reflect_v2_d5e1bc12-e893-11ef-8423-047c16a08772_0-122_75-78.png',)
image_size:512
condition_len:14
latent:400
spectra_length:100
gen_model:models/modelnetG277_3Mar_fullset.pt
one_hot_encoding:0
cell size:4.97825 ValidationWidth:4.98 cell size tesing:4.952423572540283
