original batch:('ring_01_freq_reflect_v2_8f674208-df21-11ef-b1ea-047c16a08772_0-545_75-78.png',)
image_size:512
condition_len:14
latent:400
spectra_length:100
gen_model:models/modelnetG277_3Mar_fullset.pt
one_hot_encoding:0
cell size:5.00075 ValidationWidth:5.015 cell size tesing:5.009099960327148
