original batch:('splitcross_01_freq_reflect_v2_12871ca0-edfb-11ef-aa15-047c16a08772_0-232_75-78.png',)
image_size:512
condition_len:14
latent:400
spectra_length:100
gen_model:models/modelnetG277_3Mar_fullset.pt
one_hot_encoding:0
cell size:5.05475 ValidationWidth:5.055 cell size tesing:4.998175621032715
