original batch:('splitcross_02_freq_reflect_v2_7c062a3a-f56a-11ef-9ca5-047c16a08772_0-299_75-78.png',)
image_size:512
condition_len:14
latent:400
spectra_length:100
gen_model:models/modelnetG277_3Mar_fullset.pt
one_hot_encoding:0
cell size:5.25725 ValidationWidth:5.259 cell size tesing:5.173807144165039
