original batch:('cross_01_freq_reflect_v2_46cdb140-c380-11ef-80cc-047c16a08772_0-875_75-78.png',)
image_size:512
condition_len:14
latent:400
spectra_length:100
gen_model:models/modelnetG277_3Mar_fullset.pt
one_hot_encoding:0
cell size:4.99175 ValidationWidth:4.997 cell size tesing:4.979659557342529
