original batch:('cross_01_freq_reflect_v2_a659790b-edef-11ef-bc08-047c16a08772_0-163_75-78.png',)
image_size:512
condition_len:14
latent:400
spectra_length:100
gen_model:models/modelnetG277_3Mar_fullset.pt
one_hot_encoding:0
cell size:4.9804997 ValidationWidth:4.975 cell size tesing:4.948376178741455
