original batch:('splitcross_01_freq_reflect_v2_7a4af0ae-f45f-11ef-9007-047c16a08772_0-92_75-78.png',)
image_size:512
condition_len:14
latent:400
spectra_length:100
gen_model:models/modelnetG277_3Mar_fullset.pt
one_hot_encoding:0
cell size:5.06375 ValidationWidth:5.068 cell size tesing:5.011581897735596
