original batch:('circ_01_freq_reflect_v2_2e061918-e570-11ef-8c46-047c16a08772_0-247_75-78.png',)
image_size:512
condition_len:14
latent:400
spectra_length:100
gen_model:models/modelnetG277_3Mar_fullset.pt
one_hot_encoding:0
cell size:5.00525 ValidationWidth:5.0 cell size tesing:4.996410846710205
